115|03|09|6408|Loans for Food Storage and Ware Housing|02|||||||||||Loans for Food Storage and Ware Housing|V|Header|Major-Head||||
115|03|09|6408|Loans for Food Storage and Ware Housing|02||190||1||01|Loans to Karnataka State Warehousing Corporation -RIDF Loans|||6408-02-190-1-01|Loans to Karnataka State Warehousing Corporation -RIDF Loans|V|Header|Detailed-Head||||
115|03|09|6408|Loans for Food Storage and Ware Housing|02||190||1||01|Loans to Karnataka State Warehousing Corporation -RIDF Loans|394|Loans|6408-02-190-1-01|Loans|V|Data|Object-Head|10000.00|4754.00|4754.00|
115|03|09|6408|Loans for Food Storage and Ware Housing|02||190||1||01|Loans to Karnataka State Warehousing Corporation -RIDF Loans|||6408-02-190-1-01|HOA Total :|V|Total|Detailed-Head|10000.00|4754.00|4754.00|0.00
115|03|09|6408|Loans for Food Storage and Ware Housing|02||||||||||6408|6408 - Total :|V|Total|Major-Head|10000.00|4754.00|4754.00|0.00